-6.779495534316627436e-01 -4.002510672546749082e-01 1.169949464684072599e-01 -4.878974314564964998e-01 -4.263173451242763257e-01 3.261440947026987280e-01 -7.925102922013482765e-01
-5.828819110138550030e-01 4.370559018874976553e-01 4.118898677922867568e-01 -9.777684346122586523e-02 -5.284545394140945790e-02 -7.436138525510096464e-01 -7.326916052520169309e-01
8.877119269987343575e-01 -8.265266891108811187e-01 -5.788276571369559420e-01 5.700216289724984176e-01 2.470933447804560534e-01 1.112166614918230489e-01 -6.365013135757324747e-02
-3.406050453139746748e-01 4.842122888996449603e-01 -4.870896069183201504e-01 -5.774914862239762803e-01 5.094290128077959556e-01 6.027883976829668811e-01 -4.196645079236543396e-01
7.119085491550393163e-01 -3.398132934983699727e-03 -9.539674838577443250e-01 1.075532466985156949e-01 1.859673239759503383e-01 3.640312288295645682e-01 8.114382566593530965e-01
3.971864428639493988e-02 -9.671533558522282803e-01 6.111147162729112930e-02 -5.493510418258182870e-01 5.650820237942622004e-01 9.841821543863216171e-02 8.943534667186879838e-01
-8.867924978336219066e-01 7.420056792964235814e-01 -6.494895642262644986e-02 -7.434967642846555813e-02 -8.127507624927627905e-01 6.537521911298317390e-01 7.988182917541900019e-02
6.769771410499493269e-01 -6.295902674344078243e-01 6.933093153941691789e-01 2.719287405855524420e-01 6.391536989476889197e-01 2.134107233966111850e-01 8.375512565313899538e-01
4.762179603637453074e-01 3.296040283146931538e-01 -8.811600117703081991e-02 -2.235577917570527873e-01 2.026276914286095354e-01 8.089390982919478779e-01 -9.982788615464424087e-01
5.075332790699740304e-01 -6.496331982867218358e-01 -8.488186940764830268e-01 7.975676807380026323e-02 -2.544894948508893417e-01 -5.387015876099723322e-01 9.735684384538595415e-01
9.440612010727119641e-01 -3.492432165794557841e-01 2.727466247252469111e-01 9.082553952962820754e-01 4.290220219415180058e-01 3.670604180870049027e-02 5.406107400260459217e-01
-6.188863999664627746e-01 -9.560756852731806532e-01 -5.084110689936689464e-01 -9.341126804892446733e-01 7.306382229853088939e-01 -9.639033099882390321e-01 3.399495579280429891e-01
3.189340009111591434e-01 -1.877413647268421359e-01 -9.006799389913757725e-01 -1.113522073739774826e-01 5.545403431170760067e-01 1.416650716901968476e-01 -6.116396966018915471e-01
-4.126351694488314958e-01 -1.878468657627463401e-01 -9.061623698756109402e-01 -7.983007731528349860e-01 -2.045463876413133597e-01 -3.120966992197411471e-01 9.859165873108940437e-01
3.545154958313758153e-01 9.088579474627606070e-01 -5.173682363944285267e-01 -5.658036536377570869e-01 9.567270889282464275e-02 9.018348395491674330e-01 9.539766187854110679e-01
3.284456908917331996e-01 -1.128614828738042954e-02 -9.343881960344828652e-01 -7.112319355448764036e-01 4.377534487507725447e-01 -2.131988841749503094e-01 3.261355169923048358e-03
-1.059781973550758816e-01 7.778464326274541207e-01 7.397925905326091511e-01 9.259168317150107130e-01 -5.576752978296440899e-01 -1.828371703732985520e-01 1.369423201170198445e-01
-4.079161797522302679e-01 -6.531637449824998498e-01 9.049624103135706088e-02 -1.006148868625491299e-01 1.987748303001706518e-01 5.307930483336207317e-01 3.528458044121820514e-01
5.021665018066585606e-01 4.638685738699219741e-01 -8.062859183552140152e-01 5.315450021994552188e-01 7.359935520642547635e-01 4.100009767038668707e-01 -7.132371050086296904e-01
2.728714901309503005e-01 7.123595004591998237e-01 7.120425904422867935e-01 3.796915894688649984e-01 6.482588811793914274e-02 -1.812926942848696044e-01 8.043540768198563784e-01
1.994741172950902919e-01 2.636535129882163209e-01 9.208252782042982698e-01 9.875330923994550814e-01 -9.554001842709437531e-01 -8.055912986790172425e-01 -8.921665391233842834e-01
2.866858444218366997e-01 4.582373930662774208e-01 2.298896763435823165e-01 -7.522371485930533508e-01 3.976270386068443963e-01 7.084278838079984819e-01 9.714587518659836274e-01
-9.028099844823578302e-01 -4.786770298214749753e-01 3.097641334378775091e-01 1.665319821104327691e-01 -8.585929014283917304e-01 -2.112252330445918980e-01 -8.464780928083395217e-01
-7.389264127338065480e-01 -2.431920743329349932e-01 4.150879081975115126e-01 8.626028972741521805e-01 -9.420975162945800507e-01 8.390455244170305082e-01 5.792899435514862194e-01
1.521263612752229710e-01 5.787647554846779840e-01 -2.742790619783448958e-01 -8.331612926525968632e-01 1.986985214443744430e-01 9.639014627265457547e-01 -7.152727379859631363e-01
-2.039226364889609733e-01 3.501280785047227728e-01 -2.509589359195238956e-01 4.935012887166193712e-02 6.185415083265115577e-01 4.036382337879552140e-01 -3.340461875018365112e-01
-5.160454170459947143e-01 5.620526372681686755e-01 9.014021308871681404e-01 -5.504399453516179985e-01 5.641583658553565028e-01 -8.421970470369475326e-01 1.904272478653007972e-01
-6.618302101957109773e-01 -6.175900451031323124e-01 5.651970812421364121e-01 -7.656695149888861351e-01 -1.224967859641337559e-01 8.723083160510415324e-01 -3.568169719652831695e-01
9.127856316631968170e-01 -3.153786163128871611e-01 -8.834005115569486533e-01 8.737571095199522242e-01 4.740582773297030705e-01 2.262892928934064074e-01 1.901762718455045076e-01
-8.161106341624673188e-01 -3.414576224355738709e-01 -8.575253918023031385e-01 4.068405971554664990e-01 -4.269692797637933968e-01 7.628033734942107902e-01 9.468208493451825136e-01
-3.140703597901265409e-01 -2.610394798520901394e-01 -5.522667496945417032e-01 -8.979602129266303079e-01 -7.423414300434485469e-01 1.316463117792109894e-01 7.812261798708400873e-01
3.311429048541650322e-01 3.503920109707229225e-01 -7.983890658059287215e-01 -1.716944120793063022e-01 -2.338400624006841955e-01 -1.530993057029424176e-02 1.874203118203597584e-01
9.411599343323874267e-01 -2.890672774768088260e-01 9.896471191615871521e-02 4.940809071973694677e-01 -7.186810233855223107e-01 8.086875286432650967e-01 4.931236794260811934e-02
-2.678708094030897158e-01 1.738114547424262357e-01 9.219393155779805893e-01 3.282827783358590046e-01 3.656666016035494127e-01 -9.846334116203793174e-01 2.650895950695770775e-01
6.701993141230928597e-01 -9.988603996495820647e-01 8.628784722675918450e-01 7.222091647885948706e-01 6.939792585865532937e-01 6.328722829402391170e-01 7.051622370712091747e-01
-3.292915349582350437e-01 8.698398084318093026e-01 -9.839507441900803286e-01 -1.821297963024370858e-01 -4.236449625564160937e-01 -1.760613460691791421e-01 5.744971479663055769e-01
6.288198811670037136e-01 -9.057342875368729063e-01 -5.349350495500377889e-01 9.250540349350783176e-01 5.255581881695442492e-01 -2.581215996956012226e-01 -4.955837663897426637e-01
-5.899370229480973560e-01 -5.662670652647353586e-01 -9.831141205433018282e-01 -4.629897772768745146e-01 3.366485990794736149e-02 -6.787160782288184091e-01 -8.029572426078993574e-01
1.731389455392339238e-01 8.991633422523787056e-01 -6.075982498405032572e-01 -7.474666484706260494e-01 5.752538129703259617e-01 -7.191398045238890646e-02 2.444690844207215719e-01
9.338766992218539009e-01 5.757151599724779079e-01 -3.649413050220884358e-01 -7.510168403588808606e-02 7.658692969237478054e-02 8.512489383968915302e-01 8.902823393829578658e-01
-7.219781110413647784e-01 -7.081155837049927237e-01 7.305629502441611800e-01 7.566563014191833858e-01 1.459335480673878138e-01 7.022505999813645206e-01 4.401335883930688198e-01
4.456342367787057002e-02 -4.826241884794413295e-01 -8.279568673278159263e-01 -9.208002584110464017e-01 -4.936275790224076143e-01 9.643575573243705623e-01 7.571126583348056771e-01
2.418769149427434095e-01 -4.859080034111172286e-01 9.217974747929185142e-01 6.637705447366564204e-01 -9.621488267654693116e-01 -3.753945332473617724e-01 -8.953036125143585267e-01
9.271803552636691537e-01 3.859057455372267853e-01 8.394535169630431559e-01 6.244290646330896699e-01 9.911242809857739866e-02 2.993915707088866673e-01 -6.905706625064655935e-01
-2.961010703851146494e-02 3.415661654462015528e-01 2.505602262088618137e-01 -6.963775790425380530e-02 6.827883821055044100e-01 6.327942763831384543e-01 -2.806248594009004282e-01
-5.036113654002137840e-01 -1.502291987774455606e-01 4.546468377245843073e-01 -4.138296176366132451e-01 1.724145931771998153e-01 3.871918578134009858e-01 -6.767392954847563091e-01
5.626618804361218640e-01 -5.867508630579237883e-01 3.803657257754656795e-01 -9.185174729533268634e-01 2.542597774935523303e-01 -1.001908791935084420e-01 7.397701360617564559e-01
6.131705368303359549e-01 5.309467075267978453e-01 6.996428471453205455e-01 -6.908472592997566553e-01 -4.522636772542429351e-02 -7.853569358196982320e-01 -5.846521487963587393e-01
4.834542662592481999e-01 -7.005777177350687168e-01 7.462258622600742575e-02 1.058578176950359523e-01 -2.898379075816197581e-01 -8.692775134367873857e-01 -7.258091356424772878e-03
7.245094794369827396e-01 6.929801163141627862e-01 8.750191569818078774e-01 -8.523824197271663572e-02 -9.489172871895042993e-01 6.121233744175222924e-01 1.181262533565499706e-01
-3.998007825270211701e-01 3.962662220066388852e-02 -2.686607626673260252e-01 -1.328970209969599914e-01 -5.231192479980000254e-01 9.374369661474745152e-01 -7.512711068504800416e-01
-4.166167730476247333e-01 -7.093477141579627165e-01 5.766100576317316484e-02 -4.395592122865532581e-01 -8.002058512202142593e-02 -2.382717281086581540e-01 -8.956276231634144325e-02
4.800273832050748757e-01 4.717088746877738936e-01 -7.993238692836120984e-01 3.594412123755960642e-01 2.606285694926198104e-01 -5.375169497077256914e-02 1.838169718678889508e-01
5.788182599975566500e-01 -1.858651079696732045e-01 -4.500980798959344220e-01 1.091020236354636325e-01 -2.414876751117189524e-01 2.573416277775743555e-01 8.562784213383354270e-01
1.512591031508230821e-01 -5.768181812709578804e-02 7.596181962785131248e-01 3.457599654118784227e-02 3.619374325075065402e-01 -2.043459889351926240e-01 9.677567897176142520e-01
-4.822605786932741556e-01 6.500007229666124875e-01 9.148772959717291764e-01 6.090203130215110505e-01 -7.049551527315073285e-02 -1.881405666849331748e-01 -1.176278854650446987e-01
-8.210078225277395170e-01 5.728793339376618832e-01 7.067843535393607546e-01 -1.495678716389070295e-01 -6.133107082411742850e-01 3.117156822317008746e-01 1.001944192260599276e-01
-3.624888369572174529e-01 3.564818346575589492e-01 7.484456976297975128e-01 6.654485449201655300e-02 7.574187803606760028e-01 2.754526834888325615e-01 8.794355871621093446e-01
3.268792346741777322e-01 -4.889012404335473794e-01 8.522163998794963780e-01 -4.947253100048774055e-01 -5.869094814670736682e-01 -4.545343974804556542e-01 2.670953719552098815e-01
1.033191457309860506e-01 -7.299874757415110160e-01 -1.261347764630067758e-01 -6.213767062341751801e-01 -7.399549882295233250e-01 6.894582328583898079e-01 -1.162570983247682849e-02
9.390680881916839695e-01 -8.267913232102883647e-01 -4.322685280080469372e-01 -7.910052872735293672e-01 7.485658835819682944e-01 4.980371598033428993e-01 -8.362472234342538391e-02
9.731551399128508528e-01 -6.469067006066291370e-01 6.683209561352502215e-01 -6.153590317871568960e-01 -7.021469875346204592e-01 8.612047701100572494e-01 5.571006714984479968e-01
3.154651363632289263e-01 5.326977304146348624e-01 9.172732291445474528e-01 -6.728338813063458046e-01 6.309665799950475717e-01 5.634164910683133604e-02 4.577723495305384138e-01
-7.629515785983072285e-02 9.314250702537096860e-01 1.635341911459014530e-01 6.079683062073886202e-01 -8.663422534011455678e-01 9.433922551425268921e-01 -9.094676484269068606e-01
3.983886283076020773e-01 7.598920066501060333e-01 1.729188172912476951e-01 -4.681623456974355890e-01 7.515463048593125084e-01 3.213048669395219270e-01 -3.391172198728800158e-01
-8.142281992573133786e-01 -2.513509517198049895e-02 5.167546357207818408e-01 2.704975727318195688e-01 6.443471094795523157e-01 3.076910232571027359e-01 4.122449213331158546e-01
6.764394206461253889e-01 5.659185994131720188e-01 -3.284361063177961282e-01 4.604405870140300672e-01 -6.413964453423620649e-01 -5.892056049757827818e-01 8.027998300705005974e-01
-3.615907414381336893e-01 7.040067724882682620e-01 8.561210433253989560e-01 1.522486343377448814e-01 2.731727957919620753e-01 4.950111917753635127e-01 6.239404245576828378e-01
4.399806795721143970e-01 6.387422252125661837e-01 5.289500019867384717e-01 5.193514679030006853e-01 -6.893824695607051467e-01 7.898409266926824657e-01 2.181039040231987081e-01
-8.838203873271818223e-01 9.991791327482293372e-01 7.397330329369481428e-01 -8.735068626352699983e-01 -7.617455256423959487e-01 -7.067864105871810576e-01 5.214133198386134982e-01
5.662734519367026431e-01 5.311409590412079496e-01 2.166434829205514945e-01 -3.113208734091845731e-01 1.644439729128231165e-01 -6.149601612149245555e-03 -5.986839347333905437e-02
-6.770154749485860490e-01 -5.993794547748724222e-01 4.407914254862633774e-01 -2.114593144227636667e-01 -3.969065518819276939e-01 9.486562244108326380e-01 4.015398848330612447e-01
-6.370450381879425583e-01 3.585465726385868024e-01 3.880697673134698156e-01 -9.366651395310878758e-01 -5.693201121985946855e-01 1.663226714312304177e-01 -8.142183926759145596e-01
5.008177982333376077e-01 4.354356878711354573e-01 9.946426571669314542e-01 -6.150113214246373250e-01 -8.684826057119552356e-01 -4.023539566831817182e-02 5.424494985005016978e-02
7.893073266097474505e-01 -5.205163236860426146e-01 2.098739929665482395e-01 5.238833248921704877e-01 4.778307424464242614e-01 7.270590766994903253e-01 5.273380600469690371e-01
-9.030319873803702713e-01 -5.512188931284800475e-02 -3.089926040546662200e-01 -4.514701017773670166e-01 -1.039359858860898073e-01 8.148611665757461431e-01 -3.589336172623996957e-02
-9.426872870327900333e-01 6.201047673957514883e-01 -8.684259737884165720e-01 -6.656051919230248082e-01 6.959354153707921764e-01 -5.244877423110554382e-01 -2.030006020348669726e-01
8.753056193628816484e-01 -5.756586579649101143e-01 -7.967121439408824113e-01 -3.869309487056885044e-01 -3.364789465370041643e-01 4.518955363119143698e-01 -4.623047952079331058e-01
-6.418521031447495251e-02 3.656182287518179308e-01 -2.574055039787090937e-01 -5.544127897541395456e-01 -8.130593368818217481e-01 -5.199536266188156119e-01 -2.661272096015061539e-01
2.994821823363455135e-02 -3.007452461308064429e-01 -3.120069759181274271e-01 -9.358369039951380808e-02 1.458766365807160348e-01 7.813783772243479975e-01 1.937726025790157125e-01
-3.074156303522706524e-01 -6.442556496812704148e-02 -2.104458460025819266e-01 -8.235288750390512558e-01 -5.816552337699734121e-01 3.403184428153351315e-01 -9.872430265799554405e-01
-5.711386745444473334e-01 -4.614996377973992203e-01 -4.742896493735412888e-01 8.737912621905945532e-01 5.113262380175236377e-01 -9.852154470947905862e-01 2.694581431576040242e-02
7.484499077366072450e-01 6.312567364874516196e-01 -2.566176309609443096e-01 -9.614645960584485840e-01 -9.957098065268230047e-02 -4.364678133080011069e-01 7.451461161968242486e-01
4.525778360473765027e-01 -8.310989225008770243e-01 9.807221917852686488e-01 -9.955174699219340173e-01 4.027275487003302568e-02 -1.572581660326017872e-01 -7.678614601006903406e-01
5.538010309096613737e-01 -4.916348389832775334e-01 -6.666698999362549172e-01 -8.947941836832615792e-01 4.107400619036140621e-01 5.300119881000032729e-01 5.041595226744024494e-01
-3.336119984072637989e-01 7.601816360659233718e-01 6.798343757425472367e-01 4.658048964271057635e-01 -1.064609448423504134e-01 7.684463498868180364e-01 -7.162129289592664705e-01
-5.016141584464015590e-01 -6.057826358559803559e-01 -5.093999540671054760e-01 -7.639126404895673073e-01 -5.433368318696358834e-01 9.032726777377200200e-01 2.291563365565721655e-01
-2.781172176583677769e-01 4.828435006114991102e-01 9.764294231658002809e-01 -2.355181764627016158e-02 6.396276835058617438e-01 6.100081656264315644e-01 2.850068656135786860e-01
9.789078198438280198e-01 2.702476739072547929e-01 1.657299469094349331e-01 -6.746387081905569350e-01 -1.886784175113447315e-01 -1.604830168323707063e-01 9.957390266899293074e-01
-2.845572255057477462e-01 -4.331792833426876405e-02 8.819603122510764059e-01 -9.787964016019055080e-01 1.434085002291021413e-02 -8.674670005863333033e-02 -8.904511893083428831e-01
-6.186556228388204737e-01 9.904563081849897532e-01 9.755618518739229694e-01 -5.941896752660691394e-01 -1.896625437678236270e-01 3.924011944167093424e-01 5.940992457002811644e-01
4.769042817748714302e-01 -5.662945348951767960e-02 -3.802442356528477063e-01 6.923695812411474471e-01 -5.731603002617629006e-01 9.555953173195569361e-01 -3.250372925156899684e-01
1.670244578662176405e-01 -4.529757507119912541e-01 2.905410744294745773e-01 -7.877671775281547273e-01 -6.340328198385880576e-01 -6.870350488354046714e-01 7.346626355005917430e-01
-1.352216541019654605e-01 2.837538130021922678e-01 -8.900114249648826137e-01 9.310256864943121657e-01 1.631286178973786194e-01 -6.182549895047362298e-01 9.908985374675294278e-01
-4.960661984551466563e-01 5.430206195180830031e-01 -6.358159283430278030e-01 6.870042588132491135e-01 1.602267105489474097e-01 -4.802179101810469253e-01 -7.834742147202036211e-01
-2.815759780140764112e-01 2.946059271274285019e-01 8.233259998287715264e-01 8.718316465198295839e-01 2.958615081190441587e-01 -8.170892158170656172e-02 -2.608346269209918522e-01
-3.613968816093348635e-01 5.758042700829353322e-01 3.407892065505142010e-01 4.511216134121872612e-01 5.001307585749409368e-01 -9.536795197848717542e-01 6.367657020097122755e-01
-8.551284976454218700e-01 -2.466312750730728642e-01 -1.130549569967309875e-01 2.151945028338847210e-01 3.235550906966890850e-01 -1.363534884864306407e-02 -2.791113698987628400e-01
4.196271814963969393e-01 -5.860989678261999680e-01 -3.366041961769454804e-01 7.052952552563973576e-01 -3.296715488727248733e-01 4.416184728815112509e-02 4.200838786877719166e-01
5.708133264017581920e-01 4.246033484116372714e-01 -8.962225204293463587e-01 -3.271450947237872220e-02 1.629638614215623282e-01 1.469414723458417060e-01 -2.238250679216542138e-01
