7.590427794091810787e-01 9.756021253802296678e-02 6.190384388158123308e-01 5.007272219311627026e-01 2.801279419746289800e-01 3.576290430298114109e-01 -4.860446004687267174e-01
1.711117196614119484e-01 -5.343197628029342644e-02 -3.409342741656991582e-01 -7.616243132147065831e-02 6.759470584888187528e-01 2.057109007291446634e-01 -8.967676167178728619e-01
7.936643706341830473e-01 -3.083921542697381502e-01 8.631512438204498316e-01 -1.268688234180108676e-01 7.822409021482613634e-01 -1.266247868504963847e-01 9.123410056631200415e-01
3.479735385599356801e-01 -6.289890535726527787e-01 4.973878590859203142e-01 -5.981037931757973158e-01 -6.621132218364538247e-01 -5.341344094013096289e-01 1.756548515314254877e-01
-6.196940016521191863e-01 9.382700501849143837e-01 7.869808019128303744e-01 -9.222804848486121365e-01 -3.571100168974479239e-01 -7.385057966803338925e-01 3.184776440543190534e-01
-9.769919458856216599e-01 -9.736632876173385576e-01 1.081586130614295288e-01 3.953374929042368091e-01 -3.702995887710625600e-01 2.421616121914913627e-02 -1.941213702817145559e-01
-3.131806195428986639e-01 -2.098327146662720966e-01 -8.464009271910875043e-01 6.733078276814173924e-01 -4.265364701101357348e-01 6.934535747401296968e-01 2.524309016058233768e-01
2.649804601092010659e-01 -2.885494961603936662e-02 -2.164760201367570136e-01 9.272513995151022703e-01 5.671338380789026079e-01 -5.389625699009359394e-03 6.586604294420814742e-01
-3.335820731149202745e-01 9.866688181515972378e-01 -2.943612145724143203e-01 7.225029828190461523e-02 -6.169076187942019729e-01 -3.719680640744562616e-01 2.116784412520096303e-01
1.290691120093203359e-01 -6.196470264727234056e-01 -8.652002112184413729e-01 1.444027409256621042e-01 -5.972524539053531978e-01 -1.730971458388828044e-01 4.825409670160818454e-01
9.799733829175638622e-01 -2.649903985837257642e-02 9.925301862322059021e-01 -9.893467255844466957e-01 4.073333759327440462e-01 1.645521422784256005e-01 8.489383071510441248e-01
-1.459694297782791750e-01 2.349352066985102572e-01 -1.409440793795062041e-01 -7.296093945372998935e-01 7.742687427289416391e-01 2.832773799026425121e-02 -6.552362913535434430e-01
4.243603118014165898e-01 -1.625269714973353319e-01 4.632114398933663280e-01 7.191189799831518847e-01 -6.194797156548497163e-01 -7.693066645168142870e-01 -2.043460633097677059e-01
5.219928461611659243e-01 3.085908425421527435e-01 -3.325395967079743387e-01 6.358661174840907204e-01 2.322512977040992466e-01 6.998293349578634803e-01 9.230290717826621361e-01
8.191776369743022368e-01 6.583654507264364852e-01 6.198946427458095210e-01 -1.911921594428664939e-01 -7.207728439734132353e-01 -3.035737937696785238e-01 -1.782224328579218309e-02
1.970882973875748012e-01 -4.237981562034527916e-01 -9.119830856517125994e-01 -3.420908860940337082e-01 1.962872684631051245e-01 7.128874887486544853e-01 7.499170623912815303e-01
4.522098264070108509e-01 -6.555406965010833753e-01 -5.546913276088705214e-01 -8.197906936906899089e-01 5.946581094596673500e-01 -3.914833192706344556e-01 -2.859673372585456730e-01
5.287524186853480579e-01 8.084504129695109509e-02 2.097363419808557505e-01 -4.746349357190322582e-01 9.920590879496132830e-01 -4.525859440726014843e-02 4.968991023078546676e-01
7.543152863126068031e-01 7.006733277264457493e-01 3.583574331171745508e-01 1.362716839639587785e-01 4.391042651197111790e-01 8.026559295370090386e-01 -3.416208074245252746e-01
-6.318833352025629013e-01 -4.642798870031071279e-01 1.587761173420590421e-01 -7.691171395643854602e-02 2.045039533490924932e-02 -9.874375285847064587e-01 8.850169542775734310e-01
-2.033826608961264992e-01 7.156223220092551296e-01 -5.341381711327926052e-01 -4.419865082772709286e-01 9.032909848430659139e-01 -4.683116053278992275e-01 9.147138080554546580e-01
8.787704515876322287e-01 -3.727111438039574232e-01 2.009523187920978782e-01 8.024499899167683026e-01 -8.830101851364048349e-01 -2.856330917645890644e-01 -6.566821505328193642e-02
7.282925585789387091e-01 -4.463744885274861796e-01 9.957181977860932731e-01 9.765520096796407312e-01 6.325739337262196171e-01 2.450195396266842685e-01 9.320270572810316345e-01
-7.659865428923515740e-01 -4.222068577323050964e-01 4.894526914575678123e-02 7.478027103115802987e-01 -5.504717255145463728e-01 -9.650399802279177042e-01 -9.708851095159213296e-01
-4.015790858937953733e-01 7.809680359634125768e-01 2.244448192554447385e-01 -7.093582339087134425e-01 1.099993271274607165e-01 -4.264228141828863006e-01 3.005284222312278319e-01
3.057460096958014573e-01 6.429685397821114368e-01 -6.184690136947790240e-01 3.288573794877264200e-01 -1.770132674844089246e-02 -3.295793567281606329e-01 6.769699048072027603e-01
4.386645505956878743e-01 4.974143337403447163e-02 9.647732842192038305e-01 7.135277066615131059e-01 -8.234562677336720871e-01 -4.977934522380786930e-01 -8.118694451572627813e-01
-8.424499343379951988e-01 -9.297743844430899074e-01 5.473037326312893969e-01 -9.667483712997154699e-01 -8.142683815454074825e-01 7.469970035343038717e-01 -3.982175487877117059e-01
-1.863165845599132620e-01 3.384994741465758850e-01 -1.182260971301385133e-01 -4.668563130267260330e-01 2.689422459650496755e-01 7.035553799739598935e-01 2.465310118596611699e-01
3.170392171007423432e-01 -3.265055219314264012e-01 -7.079005546195422660e-01 -2.047661538106533563e-01 9.714581233601737864e-01 3.958508102719160981e-01 -9.923976669975838050e-01
-3.245802639484906549e-01 -8.490079942212590547e-01 1.280494983632620154e-01 5.486437898705275318e-01 -2.074526983037403571e-01 -8.238894344199804154e-01 4.855288780995924980e-01
6.578408296550221079e-01 5.820910491176274348e-01 7.159706683285714801e-01 3.674246389793201506e-01 -8.944532917252632220e-01 8.537851666548224028e-01 5.697697879423418987e-01
4.744692200333930354e-01 3.894735674278534399e-01 8.332200132984139973e-01 -3.523841208359772548e-01 -1.365930050916172242e-02 3.048369533334949755e-01 7.727461893862043185e-01
-4.077427827688609452e-01 -1.357143675025464236e-01 5.696197114348746648e-01 -3.236861824727580994e-01 -6.075330869929580491e-01 8.625099458008255171e-01 3.485651208230496345e-01
-6.039215256886324434e-01 -2.145782026658264174e-01 6.211003031126355323e-01 -6.117602550952054852e-01 -8.414912975060934164e-01 8.380459361658652018e-01 -5.326338456063182125e-01
-2.005739621656858485e-01 7.000192093305900309e-01 -8.251540354795410259e-01 7.125136556688532741e-01 5.866908764115454783e-02 7.092259466469053031e-01 -2.558126491846601791e-01
5.135312108810538012e-01 2.358465189371905524e-02 5.670283904907452710e-01 1.284638314420188943e-01 -3.626722693542896309e-02 1.442053553314656678e-01 -3.260401930509777557e-01
-3.346063185727421452e-01 -5.085155314429427170e-02 -2.074716100431966137e-01 9.108864187472590634e-01 -1.910702587706995803e-02 -2.204535284986286758e-01 -4.082506829081327671e-01
8.974965816522924023e-01 -9.941809019278894377e-01 -3.620309453467553396e-01 9.659059869180279811e-01 -3.499635461278254311e-01 8.647310516704843908e-02 -9.070301703770196067e-01
-3.249866247918358764e-01 6.922482560571261434e-01 -6.326060523156560311e-01 9.518525088497272746e-01 5.199874024778383674e-01 -4.984852941064056853e-01 -5.816896025870730291e-01
-8.517987706302329043e-01 -5.363291714403006782e-01 -9.646472951004376739e-01 8.820977597439454421e-01 8.946989127957857280e-01 5.209983842330545567e-01 6.649300691149767628e-01
-1.491491485450842924e-01 -1.411086213855373972e-01 5.814864155909559296e-01 1.063602500083788566e-02 5.995354485429511132e-02 -4.655930214850310250e-02 -9.886429945308203848e-01
-3.724470914399234944e-01 -1.054768097806129817e-01 8.444346156434843209e-01 2.895091187976424063e-01 6.592896745400671499e-01 -2.265026296340375556e-01 -8.523722654773718821e-01
3.205956771924395876e-01 -2.954287148926327267e-01 5.183009954003472419e-01 3.385944328682644056e-01 1.248350336867588284e-01 -4.643736641562658529e-01 -4.400596787534594712e-01
1.466338957412763669e-02 -5.018977415480755377e-01 3.101056503266627629e-01 2.080296077474837191e-01 1.027635279407921112e-02 4.255963264228699444e-02 9.939915846612660255e-01
6.049893063674098848e-01 7.598291576396409841e-01 2.390263783460165326e-01 -7.681377695183051468e-01 -9.350020608222325835e-01 6.349216782237173673e-01 6.127233490344363709e-01
-7.722000938685913418e-01 4.563071037594970680e-01 -7.183947496346168027e-01 -7.061166500308277971e-01 8.213854180389684734e-01 2.952282522512759133e-01 4.363053516832192114e-01
-6.834605084046107004e-01 4.148679460665943286e-01 -1.625264275619587029e-01 -7.152588935259334146e-01 -2.918902882757890560e-01 -9.504121578737072529e-01 -3.554428235870947805e-01
2.103441748191429428e-01 5.744419822120809815e-01 -8.487554667621348692e-01 -8.570488634041741882e-01 9.444284123180765045e-01 3.589436281705282172e-01 -3.545712284745765608e-01
1.842894752409751299e-02 1.952413175796057776e-01 -7.198508713195556075e-01 8.715532555906948531e-01 -4.210438105937464037e-01 1.081262389055042961e-01 4.864882700696857576e-01
-2.689792105107771114e-01 8.535563667432729540e-01 8.389143694530719619e-01 -6.712242524630722684e-01 7.914823198239122337e-02 -6.718647065736953472e-01 -7.181394167820507324e-01
-4.607671579108068433e-02 4.860166856171591054e-01 4.028034527560980238e-01 -7.448373426082970372e-01 -6.261828441873480422e-01 6.303818219685478619e-01 -6.724880114594578018e-01
-7.113968474909756479e-01 9.634541179129165744e-01 1.818181304304591350e-01 6.159859532091740419e-01 2.490326023568924241e-01 1.104966908189800034e-01 8.139665442684551611e-01
-3.379595920621927818e-01 -9.356486828379870779e-01 -8.745075965837186827e-01 7.576544986327692355e-01 -5.211217239183868477e-02 -7.469150130631592166e-01 2.835065766136117826e-01
1.011809245741344121e-01 -6.323575522196002163e-01 5.986388239040797421e-01 -6.878417938393335263e-01 -2.638105591506157421e-01 -4.646760446799913513e-01 6.989022219308712591e-01
2.670482429707212724e-01 3.263544228222698962e-01 -6.921395074034363271e-01 6.364752610753126039e-01 8.496997347238560705e-01 5.470903572434584472e-01 -2.951569729803975584e-01
3.016576653038290923e-01 -7.257016559527855737e-01 1.211449583862262216e-02 5.293741839319420217e-01 -5.904992473100028061e-01 -6.240938573362860842e-01 -6.911894323577261190e-01
-8.442852031275164260e-01 -5.041468723836099036e-02 -6.296809631825057707e-01 -7.927955723339846772e-02 2.371024248195065243e-01 -7.590146466841742878e-01 1.045786617801310048e-01
3.165570210792896244e-01 -6.899596225298895158e-01 -1.541629027531913887e-01 6.584787654007653313e-01 1.663661198699677990e-01 -6.694180926214796656e-01 4.467914561583403166e-01
-8.432422252285890485e-01 -6.397178598366388691e-01 -9.589938415929701865e-01 5.410382701957705542e-01 -6.628232732148493511e-01 -8.262180329545908419e-01 -6.629442248669330517e-01
9.235652102349026227e-02 9.296843879815004652e-02 -7.138180966127949389e-01 4.688002625137595025e-01 6.489762113401373322e-02 6.194001674977791527e-01 9.554056475323783326e-01
-7.497921907238404016e-01 5.448743287176007755e-01 -4.701852336423792966e-01 4.177722358840590955e-02 -8.294370071549865830e-01 -6.888826379998244098e-01 -1.780175986479592687e-01
1.350370767589126608e-01 -7.679101825519225599e-01 8.390737576497220296e-01 2.596598098474817151e-01 -9.630725551318031208e-02 5.331295575424237487e-01 5.801974252855819358e-01
4.225965192055954334e-01 8.558511993635875559e-01 2.979623212861254311e-01 9.483157927211842697e-01 4.343968929167131843e-01 4.854137064110747857e-01 8.234843407783712932e-01
7.402596401784183877e-01 -7.268780479268834860e-01 1.993257236443913005e-01 -5.956059093459078468e-01 5.043660533661571688e-02 2.308863529206875709e-01 7.875627806540977938e-01
2.365493323496650480e-01 -2.545221913180780726e-01 -1.881546096780783994e-01 5.945076573677931381e-02 9.676392024103600553e-01 -9.303973753336743924e-01 9.838437253058823773e-01
1.027671857468772793e-01 -4.905497519795272154e-01 1.000676157812976919e-01 2.185867125509854403e-01 2.330780690228153457e-02 -9.629536952583301890e-01 3.790095731835162463e-01
6.624187642762925377e-01 -4.245228006750455529e-01 3.339562882566538549e-01 -8.475126226473554958e-01 6.879994906316773406e-02 -1.611260772427999810e-01 -9.213472892874212672e-01
-7.693001211755122470e-02 -5.544102834789677026e-01 5.031558752959460756e-01 2.359712400425963974e-01 -3.403345715434693552e-01 6.288098141308288147e-01 -4.833122452700635008e-01
-3.475930441040376295e-01 9.716363991008141188e-01 6.952906310504020082e-01 -3.338924060927525583e-01 3.298216828733953054e-01 -1.052160196077778914e-01 8.663353029887096435e-01
5.336383693269387551e-01 -2.982154906234623093e-01 3.307495965039029817e-02 -8.738594733974989204e-01 -7.481468431933107066e-01 -1.372099971698433341e-01 -8.069163380179796841e-01
-8.623324077801433063e-01 -5.546193013165354735e-01 2.717668746624899989e-01 -8.303057216743134905e-01 -4.208688634462502964e-01 -4.355515838573019161e-01 8.691622192535558566e-01
-3.966971606224215519e-01 -9.172412917206636263e-02 1.271940058571219001e-01 -6.215729456182406132e-01 -2.264021898831904481e-02 -3.267782634886686743e-01 3.534421153512396496e-01
3.581519600404312609e-01 8.847379337574914349e-01 5.679796810285354658e-01 -3.480284216387122265e-02 -6.842290619143933661e-01 8.443361630592101097e-01 -3.870861715878497478e-01
-4.859569692079520609e-01 9.803564951261792837e-01 6.576760138252625287e-01 9.494334122138093912e-01 -4.308045958245930174e-01 5.593459647511953570e-01 2.596940191863879588e-01
-8.686462964458687708e-01 2.118345490815842780e-01 2.237124448039766733e-01 -6.181686086049131834e-01 -1.817863049527563557e-01 6.281547376707613539e-01 -8.212617366672021468e-01
1.250231154820458379e-01 -7.684587870744868932e-01 5.037203323717461684e-02 5.822904074533071794e-01 7.908282128467311045e-01 8.943537432848724933e-01 -7.257866699721198245e-01
9.026339961600409190e-01 -7.414555874344508357e-01 -8.471653192971098090e-01 -2.632049562887546212e-01 -4.328156255291415455e-01 -4.845856581979278155e-01 1.711010213059518670e-01
-9.970849245545530815e-02 5.419814189454422865e-02 2.576920684251200397e-02 -7.234798865169833615e-01 -9.392334231588204130e-01 8.071481874297530279e-01 -4.353398136565549414e-01
-8.333525632160862506e-02 -1.564010810857100753e-01 8.224463036850402364e-01 -3.739696521427784415e-01 6.249910624216222788e-01 2.292107084398531391e-01 -7.941872298063936686e-01
9.242566286387521313e-02 -8.404762288128196923e-01 2.207836600813121997e-01 -8.653283096029744659e-01 6.288913302486409673e-01 -1.935394956587965093e-02 -2.559834885090066514e-01
-6.878744345760782197e-01 -4.604636983084233748e-01 -5.359216081246047647e-01 1.407172861873346448e-01 5.352032426051641645e-01 7.581490868432486652e-01 -1.027158707971577434e-01
8.511633745036215615e-01 1.908658523941625662e-01 6.776198189097069058e-01 3.995619105410332939e-01 -8.644672470929999353e-01 8.845042927731265880e-01 -5.236324775029915779e-02
6.368127578926523480e-01 -1.452969813994533510e-01 -3.461965218492790153e-01 3.592230523094739475e-02 -7.095817685974222799e-01 9.856403850088056862e-01 2.072642872166461925e-01
-7.431244295711283976e-02 6.947556608695381053e-01 -2.991678191471110471e-01 2.957923279296477692e-01 4.621202622489798961e-01 -8.777971205263220833e-01 2.250266300917432294e-01
-6.255324064507720161e-01 4.089607827332747414e-01 -7.197140717503040797e-02 1.781071478015530951e-01 7.157570490208018388e-01 -3.641508482346034747e-01 4.249032506235206341e-01
4.161064674734096108e-02 9.764694825122257615e-01 6.267749316881094934e-01 3.725261777816298858e-01 -6.353473153133891715e-01 9.335525968374754902e-01 -1.854534477933426906e-02
3.963002169797331664e-01 6.890115532219264205e-01 -5.187241764877248418e-01 6.131902865769388589e-01 -5.233153361168513436e-03 -1.500455053943914874e-01 6.350712236183371218e-01
3.568984523720605262e-01 -9.291592050503091338e-01 -7.010933804400474312e-01 5.885885200479130663e-01 3.644310831517085236e-01 -4.130552379426129517e-01 9.301462154604772659e-02
-6.500242243057835489e-01 -5.193227955573558319e-01 1.002685841045966725e-01 3.629434786921584277e-01 1.004016139505701927e-01 -2.523127621435421464e-01 7.762466233946272443e-01
-8.948638731305886829e-01 9.877539147669314179e-01 7.297166137551269749e-01 -8.716409774184020742e-01 6.034475428026258026e-01 -4.408538370682859586e-01 6.749317853935179468e-01
6.570088202936759103e-01 5.770829401116204238e-01 5.890280918308032909e-01 3.698315110721072663e-01 2.280065269263792938e-01 1.340928764053958833e-01 -8.422094680351382978e-01
-8.068584222968173680e-01 -2.429201262705120712e-01 -5.835282266543633245e-01 4.483515753457164577e-01 -5.502025386115746430e-01 -1.220998860075327846e-01 9.418416741069640663e-01
-3.066251103733339325e-02 -1.181219789947552529e-01 2.650081350331464081e-01 -2.640178368036114054e-01 -3.427956603879174224e-01 -3.729223583509580497e-01 -7.333616888797238609e-01
-9.147494320225271203e-01 -9.894674061265846809e-01 2.549146105563209197e-01 3.256444200599284411e-01 -1.978980370941809952e-01 -6.542578793884641364e-01 -4.509540298097596267e-01
-7.118067030183786725e-01 6.179069440099083099e-01 5.960375755687380428e-01 -7.494077864153307900e-01 -4.649690117320084970e-02 -3.920887677666538007e-01 -8.326967166717949009e-01
9.410627356360897755e-01 9.252724870684844172e-01 3.856894281193002511e-02 3.831815055546420462e-02 2.258972812585344214e-01 7.372987748291282006e-01 6.564989958495107691e-01
9.463636506751190725e-01 -6.263316887803045407e-01 7.401908492648580085e-01 1.655776193078499214e-01 -8.874447122595438553e-02 6.194018474690900222e-02 5.027030787099181497e-01
-9.209144022210130620e-01 3.446979484687041628e-01 1.820676602515344106e-02 -3.034168804107109096e-01 -5.342810930897040622e-01 -2.437862626247233599e-01 -7.731037920526823148e-01
-7.697038402664287959e-01 -8.642494664564008833e-01 -2.179183288516843842e-01 -4.685499290423610907e-01 6.985367207630989797e-03 3.278921896844392836e-01 7.161034579776041076e-01
