4.143085132931412923e-02 -7.891940355418392006e-01 -4.243498247739057039e-01 -1.653437810214031245e-01 5.797499083604787939e-01 3.100921115326210065e-01 3.561121803577493306e-01
1.905122922079415318e-02 -5.884129683703550606e-01 -9.466541724104207342e-03 2.189196638770560532e-01 6.113468268487614043e-01 4.567029045889799133e-02 -2.467931993732999096e-01
-7.476839732992411891e-01 -6.689394529252628008e-01 -1.638953409771641834e-01 4.249768732886173295e-01 -4.480403801763701566e-01 -9.469039686436472314e-01 -8.848552803850480153e-01
6.374736422100447664e-01 -5.986888230731000071e-01 5.954727453213994048e-02 9.316051956551401059e-01 8.851364547133624416e-01 3.209389116838047840e-01 5.268916409759185626e-01
-2.441523549667206361e-01 6.948930973901348285e-01 9.068578283592947098e-02 9.061193654876941173e-01 9.697142046117072089e-01 4.855692279167923009e-01 -1.672466787794623932e-01
6.276548958144126944e-01 -2.112973246757977042e-01 4.959093859412793126e-01 -9.872761432580772212e-01 -7.252765656048768550e-01 1.274665686392634778e-01 -8.803004293866684149e-01
9.721066700865570454e-01 8.122988378508726459e-01 -1.376709066332986175e-01 9.512275446461877504e-01 1.633383434651212440e-01 8.375769765646622345e-01 -4.371814103405278207e-01
1.444008137820581295e-01 -6.649032790918814051e-01 -2.217469954997335346e-01 -4.195925869917238038e-01 7.639442674233012376e-01 -1.255011700328529933e-01 7.449383095508484987e-01
1.719386789222935308e-01 3.817585999422957177e-01 9.932609709652149288e-01 5.829884791873246597e-01 8.997440814144758159e-01 -2.900877604446294722e-01 -5.413147216203602063e-01
-3.600311056219056005e-01 2.053899738643198136e-01 -7.937637316893975115e-01 3.072699960255521612e-01 -8.401175193782346451e-01 2.556191335797739494e-01 -6.836063345493016419e-01
3.292211246389982748e-01 4.405835085692182962e-01 2.596988434083222774e-01 -2.352609393068559318e-01 -4.764895434628662607e-01 -2.684884240718508064e-01 2.165452041873612288e-01
-1.092189130070062852e-01 1.896527970094652460e-02 4.559014502438855643e-01 -6.172922508768512451e-01 -1.153686659859776698e-01 7.453228367766270290e-01 -6.083362193610697410e-01
5.337488519134947484e-01 -6.452613205330015589e-01 -1.427657356040523684e-01 2.503448972251486881e-01 -1.478509853747520253e-01 3.218107854259381617e-01 -1.076040202978065241e-01
-2.787876922532373514e-01 1.256227194746557529e-01 9.597469529885751527e-01 -6.604355299510165089e-01 3.620201729169199301e-02 -4.541335399137320650e-01 -5.505461651366159170e-01
-4.326341949007896370e-01 9.863789522954464761e-01 4.444660875522100096e-01 5.437011286806365806e-01 7.598686039299293871e-01 -4.520671029391357121e-01 4.400626572380975654e-01
-5.487037280878180878e-01 4.196739305751370219e-01 -1.860257999628625036e-01 9.259047033961710360e-01 -4.078502992888851097e-01 3.844578445736885897e-01 -5.322093686454907324e-01
8.457402334864012605e-01 -4.721421793749585594e-01 -3.130830175674940707e-01 -6.465607614309398787e-01 9.267708891668923199e-01 2.882245875010498448e-01 4.140673448973938853e-01
1.239827783397132732e-01 -9.155986130941573542e-01 -5.580499130685601106e-01 6.297089196993016502e-01 6.372848781403240848e-01 -7.922990937740242989e-01 5.491292744665554615e-01
9.282442703872005874e-01 -9.224664461716431951e-01 6.964241887932511865e-01 7.360289435569724592e-01 -6.265808745449241712e-01 4.422419236837344947e-01 6.636875839294261725e-01
-6.476403637705876459e-01 -8.527149288315556686e-02 -3.935231200350454706e-01 -5.725001940783085164e-02 6.869112634567902109e-01 -5.307009806384901385e-01 6.560261101390635341e-01
-5.790452975840244543e-01 -5.860923793236594292e-01 -8.721881820446072409e-01 -4.232476634996119036e-01 -9.161995990344472540e-01 -7.369591765862483213e-01 -8.964567993206251639e-01
5.400832289651104068e-01 -7.680613171837205044e-01 8.919762979887876364e-01 2.583237996910857648e-01 7.835031759799013229e-02 -3.273422281452693650e-01 -5.298334832374043124e-01
7.015114019689054903e-01 6.565561357001646892e-01 -8.280412471769036387e-01 1.275740001768221887e-01 6.742783486726283693e-01 -7.012294505974285552e-02 3.330045871637094534e-01
-8.430638890503576732e-01 8.307375952126101748e-02 4.422088141691932900e-02 -3.588677863330864137e-01 1.038052528382840400e-01 3.908523197748876854e-02 1.939373567806294552e-01
2.192322073284853554e-02 9.867334965034431360e-02 2.340289886529447194e-01 5.151081745168535619e-02 1.466177608617486583e-01 -9.536390245387530440e-01 4.294013341891025348e-01
-7.134209099464161596e-01 3.146284533241558989e-01 -3.366620273114895867e-01 -9.677774874316317222e-01 -1.832757144682233275e-01 2.627200355273513477e-01 7.882745512275185495e-01
-1.401675452467386895e-01 -7.972508678534847570e-01 -7.680395374803030695e-01 -2.339829318057355667e-01 5.652819384015785875e-01 4.945254802264294480e-01 5.480626831978840929e-01
-6.906230401576282825e-03 -3.557790080780772191e-01 4.717935327617633900e-01 1.754750716163429314e-01 -7.929564050640847128e-01 5.207376180730662885e-01 -2.213371546176385873e-01
6.739383498212743184e-01 -4.772030043521411358e-01 5.661063138317135035e-01 1.535341925733491319e-01 5.011776009241085683e-01 3.507566324655764234e-01 6.422650632020626693e-01
-7.170361637612382433e-01 -8.807349505848045546e-01 -4.774888340785841123e-01 1.137750472117409449e-02 -9.774243686207704229e-01 -6.239863937974956531e-01 9.888455498604521443e-01
-2.071184811401851900e-01 -1.075068009491039478e-01 -1.395120716983215270e-01 -5.289240682630107493e-01 8.478920193306175301e-01 -1.609138337283376186e-01 6.131079413048320381e-01
9.280867246689017414e-01 5.559511931878893254e-01 -4.925103037960556485e-01 7.469932146973714548e-01 3.766077297039618910e-01 -7.731997737593019338e-01 -1.981204492698848962e-01
-1.988538863150530467e-01 9.355389001032730079e-01 9.655399089870655427e-01 -5.118357322053919134e-01 -6.191730904325329354e-02 -5.061123237985096779e-01 -5.620404134979626321e-01
9.899337448401065997e-02 -2.348648833358148169e-01 4.620987323892342125e-01 -7.894462740530194811e-01 9.605537399809044308e-01 -7.955450543586166656e-01 4.775959881188334144e-01
-3.645164442705936536e-02 1.828868298909777368e-01 5.921502305077188666e-01 -7.188828638924080194e-02 -5.417783569711154268e-01 -9.134663210262756738e-01 -8.636109805949764295e-01
-6.770932411975643106e-01 4.019767432976776300e-01 -8.342092047435749613e-01 -9.962837455687967303e-01 4.383974141029048366e-01 9.967807540753609308e-01 -4.524988833010588074e-01
-4.617222534865486616e-01 -8.998882331978974580e-01 -9.253187072316360062e-01 -6.860172634448726825e-01 -6.147309210126670198e-01 2.172344509021751496e-02 -8.763043967670096634e-01
1.687603464672781661e-01 -9.881806682005778164e-01 -9.880544798825430242e-01 -9.631581701252416305e-01 7.201976292012922665e-01 5.453656963771877919e-01 6.049436143631499174e-01
5.528452296327324156e-01 8.244981161933380154e-01 -9.120036403476261544e-01 2.154467073411847067e-01 -1.066525321810909838e-01 5.358246098690471193e-01 -9.750287156498806951e-01
4.086617941855117953e-01 -7.011098202680546843e-01 3.480433091408637880e-01 5.469712852763590760e-01 5.689326359485468165e-01 -2.776897102427424713e-01 7.179023816150825743e-01
-2.389499372461919013e-01 -8.790968606304174759e-01 -8.211743182736205293e-01 -2.763820466870794967e-01 -7.777823366945721961e-01 6.367871886681188975e-01 -5.565722922083742308e-01
-3.814605387263794722e-01 -3.765991369894425844e-01 8.930249584271267027e-01 9.351552386374579751e-01 3.726787024836758500e-01 4.329366019730732096e-01 4.807448362265933084e-01
-6.754556569710122860e-01 -7.020185807530823774e-02 6.219773704817584958e-01 -8.032378024941304595e-01 7.049006602886210837e-01 -9.704197673577281691e-01 1.500624448973315872e-01
-1.247283951424829479e-01 -8.076773373423420388e-01 6.716184161910322414e-01 -4.950273093911452538e-01 -5.319761133643210460e-01 2.461585410054924483e-01 -2.223709125943040543e-01
5.871034778578576585e-01 1.406075766556223461e-01 -2.240081292367610277e-01 -1.696003881527343438e-01 -9.849994701116979723e-01 -7.734295388571359453e-01 -9.185556267177525935e-01
-1.951025134501138680e-01 5.806813558896559702e-01 9.670600804018397723e-01 2.122708900849564484e-01 -5.119231854734653808e-01 9.844864173579384037e-01 7.512814633432939315e-01
3.077142773005552279e-01 -1.602634128978609740e-01 1.548333389010341787e-01 -7.333296765747125967e-01 -3.928740284683307493e-01 -4.459494144712651820e-01 -8.671790604515230427e-01
9.323222790042846597e-01 9.938709473984316256e-01 -5.125470874104223196e-01 2.730039383912054585e-01 -4.082561660178393725e-01 1.868592107870043206e-01 -3.788543922594558300e-01
1.423897681049393626e-01 -7.155639138315303960e-01 -7.579218565132780361e-01 5.383181902590052914e-01 -4.880438655275856075e-01 4.601559750642223584e-02 9.641290575005930785e-01
8.372849504319790359e-01 -8.630663319696623148e-01 7.097377676797331780e-01 8.879814452273755432e-01 2.995394038972580275e-01 -2.946656390375615442e-01 -6.061460877632132149e-01
2.530308308211535184e-01 9.343570081315185627e-01 8.315573641890053880e-01 1.828541692929430973e-01 -1.962742442575900539e-02 -2.216263886382870418e-01 -6.633750561496389864e-01
3.079715833885582899e-01 -5.205209233590175621e-01 -4.356831222667632009e-01 5.853352152700724842e-01 -5.909747768949671215e-02 8.913157481176899877e-01 7.552851770265602838e-01
-5.193949953561771693e-01 1.058255674107139443e-01 4.121018703014461271e-01 -7.477951756517038362e-01 5.623214552934906463e-01 4.066482734653154019e-01 -7.940527583839788184e-01
-8.629066869480618573e-02 -1.707056806289403428e-01 3.417974957139303660e-01 4.957851399835314643e-01 -8.091047323083343512e-01 -5.409371158389433276e-01 8.294874657496975612e-01
4.416341729235258029e-01 5.236547816843009073e-01 -7.926032004429327538e-01 2.078117657619387715e-01 7.212886486487239956e-01 -7.516884477762681982e-01 4.880545875943571033e-01
3.485552126386570193e-01 9.549058376530501491e-01 2.421581120977956414e-01 5.478945126744073635e-01 -6.593208258080716089e-01 1.326435109002994939e-01 -5.366102043812071010e-01
7.957524541048985878e-01 9.648009799471835013e-01 8.005667104529285982e-01 -4.173899081326828409e-01 8.896593000705045329e-01 -3.033168511840846904e-01 -6.580925661649141833e-01
-5.263632436081369104e-01 -7.613406622368401599e-02 6.415775546757371828e-01 8.432689265178058280e-01 9.046910015328142318e-01 -3.137229852294158849e-01 7.771254122547878174e-01
-3.197985751952318600e-01 4.390243935126510177e-02 6.381309842389008002e-01 -1.550360306857427872e-01 -7.656570517530717490e-01 5.976893910966509793e-01 -7.469120535935633853e-01
2.501085269299908598e-01 -1.792068834322450288e-01 -2.361609206930715410e-01 -6.509298240625883969e-02 8.139149078262422066e-01 6.748559857160577602e-01 4.018553943518909932e-03
9.761862049929800333e-01 4.303734260036314874e-01 -8.418498932733023965e-01 -7.376542356944879586e-01 -8.622183583631304327e-01 -2.557146317778820066e-01 -7.753420418712366757e-01
-9.158408472763076569e-01 -9.441037976337914028e-02 9.570214314283813639e-01 -9.194497085105641787e-01 -2.726845903806557891e-01 -7.245732070808676983e-01 5.360628232761392997e-01
-4.676077934348237819e-01 3.023935998188322927e-01 -3.092107148816395923e-01 -3.630026227635787528e-01 9.672279889411565801e-01 1.902614800654164884e-01 -5.211498937072249760e-01
7.275232815246034379e-01 -5.217739637377916129e-01 1.458059846690080430e-01 9.468218034467698052e-01 -5.026195612605495189e-01 4.854849579586460045e-02 -9.723745648955289811e-01
2.692391507484195867e-02 7.519060709068003945e-02 -4.143590737666040247e-01 6.448476116969156235e-01 6.820399039776686712e-02 -2.830215165478211503e-01 -1.924777168622535117e-02
6.727560076125878308e-02 3.974882970781946634e-01 -4.145869366608343487e-01 -5.130848988561864665e-01 -7.187892405253062424e-03 1.034832356533872955e-01 -3.034311909763283133e-01
-2.142847807059229115e-01 9.996507536497845070e-01 1.489719298398342329e-01 7.971025576421204573e-01 4.191551182276856968e-01 5.177139469621543366e-01 -8.920189466809261836e-01
-4.480606441610266444e-01 -3.205065527660760916e-01 -2.033566044707006693e-01 -4.506071202589445046e-01 -5.426739004613232442e-01 -1.516886414562584329e-01 -7.385257246565302136e-01
1.496501159820774474e-01 -9.516985636368107127e-01 -3.310849562094328458e-01 -1.953480682301014515e-01 -4.232663792768656674e-01 -6.867528125500008684e-01 -5.287869471925514819e-01
-5.834788132545916106e-01 4.609675776451525597e-01 -5.143249587818550239e-01 -2.435715188265547837e-01 -6.847197035473098770e-02 5.261983860322663187e-01 7.344971679927333463e-01
-4.695360887785842707e-01 6.042082918801089386e-01 -5.474494104176850229e-01 5.319863320522808525e-01 -5.242966063291421008e-01 3.864756306844123745e-01 -1.712103603076978453e-01
-8.506582362035255418e-01 7.809664585616609145e-01 -6.223850918872166071e-02 -9.301647373403305608e-01 -7.480836125835341743e-01 -9.816458767408245967e-01 2.853631044364406816e-02
-7.856616755853400580e-01 -9.410546174954728116e-01 -2.620523208719534036e-01 -1.919414506281232335e-01 6.300661271159295751e-01 9.438046516715483669e-01 2.233358174311701749e-01
-4.634669392430309509e-01 -9.419536268919910249e-01 7.264988353088617234e-01 6.480850128089961082e-01 8.317641885091553444e-01 2.755108778591223717e-01 -4.614154291191969737e-01
2.485640004026678229e-01 -6.689161708514668181e-01 -3.278950326427955420e-02 -4.073349705805399679e-01 -2.900193703894791142e-01 4.514638577372137584e-03 -8.716168212767516632e-01
-2.509499444468231699e-01 -3.369701533726723319e-01 -3.049944930789793562e-01 6.475103382734688218e-01 -2.538786333193134848e-01 5.712613834639788113e-01 7.037341930006183466e-01
5.581265248367353049e-01 4.615907528548289784e-01 -9.984155938090003568e-01 -4.104355961694132748e-01 -7.324520908728933133e-01 1.627036419133113809e-01 6.200019304048618451e-01
1.123984882866297941e-01 -4.369872417847187052e-01 3.903821111390629595e-01 -1.973970917477383125e-01 -4.753990195522118933e-02 5.835805566857641402e-01 -5.963335690655069410e-01
1.152053730402809451e-01 3.262526415034638916e-02 -4.098489280586600780e-01 4.956312030171159400e-01 -5.279319462085157316e-02 -1.214812466127975638e-02 6.858935873061333677e-01
1.501337554962351162e-01 2.355155704430883790e-01 -7.191383259568919772e-01 4.931314533204452788e-01 5.593384267718146674e-01 -5.108708166533828532e-01 7.753533688016999159e-01
1.420457971753372184e-02 3.276176241853757110e-01 -4.188846704296629309e-01 -3.980603600315639201e-01 2.325508213639787547e-01 -7.179228543576905430e-01 -2.697241375190833068e-01
-6.198644571313957075e-01 -7.523313127037021264e-01 -6.230038358761051942e-01 2.298431055010656254e-01 -8.178626362658243387e-01 8.834975193372446300e-01 -1.758948777809804243e-01
2.115054582307675513e-01 3.781142841676349287e-01 -2.153917604262808871e-01 4.363852451387363329e-01 9.581013962795776884e-01 -6.811815239460357052e-01 -6.257456796040314906e-01
5.399480536233616096e-02 8.162966071526046585e-01 -9.100137663146236067e-01 -8.482265700911307826e-01 -8.956642872708499015e-01 4.536274721712533348e-02 -9.166434399462759508e-01
-4.061465833639391620e-01 1.209816485267983383e-01 3.497173088605859403e-01 1.253816867838083993e-01 9.538980905934004717e-01 7.513554597699321214e-01 -5.029803259993750331e-01
4.825531487499669196e-03 2.542335106433348813e-01 -1.568134592675050620e-01 -4.044067203020886847e-01 -6.490198512702764766e-02 3.991752486972189318e-01 -1.829396550159061163e-01
2.566374514956326625e-01 5.798264513666554626e-02 -5.111573338469548033e-02 5.601774160052735985e-01 8.952978917962740590e-01 -9.256156900776230101e-02 -3.287849003297236283e-01
6.405686399520041929e-01 3.754407640901673560e-01 8.939465234047180298e-01 8.288324351679392521e-01 -8.686935105968327520e-01 -9.946995968739060778e-01 1.095772611944099695e-01
9.085559364375788149e-01 -7.512123422219870728e-01 -5.244856393348138468e-01 4.940474736754680851e-01 -4.421664608274780695e-01 -4.783919573412911963e-02 -6.211058991127489382e-01
3.133357658041628357e-01 -3.654928891718456363e-01 -5.154056465704779377e-01 8.212292134545225997e-01 -1.958167389040052775e-01 7.542634243384046533e-01 -3.525843301420834575e-01
7.450702110170785986e-01 -8.309469038703017896e-01 2.428556491169000797e-01 -2.433118791496992894e-01 2.507161379619146091e-01 -8.818509368657742042e-01 8.397496707364544566e-01
8.990753733876104548e-01 -6.021225149198677906e-01 9.001800512009521249e-01 -3.921786186905602545e-01 6.038883689757866824e-01 1.777844523579678593e-01 -3.060898651227768053e-01
2.169915189846567949e-01 4.980462071096465604e-02 5.166391573780624302e-01 -5.225697872251347520e-02 -8.779964061690210819e-01 -2.087955589755644270e-01 -9.525365902193330125e-01
6.764458031203177679e-01 -8.233203304817138246e-02 -2.654066179362785660e-01 -3.841362745105392773e-01 5.922623017843049453e-01 1.288660006057526508e-01 8.602816779849651319e-01
4.598812651833196208e-01 -9.335109879767931051e-01 9.704683227969692627e-01 -1.139496357249562969e-01 1.719078513799032482e-01 -6.747770901849663439e-01 8.965017756650021097e-01
9.160854389395453046e-01 -3.825295480384913738e-01 9.184262230307753683e-01 5.584220616858649455e-01 2.815776706610203517e-01 7.597263757634165060e-01 -7.252394030703532835e-01
-3.905147142205446231e-01 9.738296437781870929e-02 -9.933066152330572995e-01 9.903517665396202041e-01 1.327488352039130348e-01 -2.220481650594974543e-01 -5.548805112119816751e-01
8.356841034958357728e-01 5.619839408208762155e-01 8.926142208974215952e-01 -1.932273850560047024e-01 -9.257737539324576437e-01 -7.926635720746082470e-01 1.878073059475656170e-01
9.518966106191766308e-01 7.187577605194542252e-02 4.451617535556669919e-02 -4.307593057449430329e-01 -1.566347617902057454e-01 7.863044447544953464e-01 3.535478920842659023e-01
-8.901745003285566060e-01 5.367730612519127087e-01 1.677858614954026995e-01 4.244603989663663923e-01 -4.175215990756667161e-01 8.901763598856393678e-01 9.486266776355793962e-01
